       0  1  2  3  4  5  6  7  8  9 10 11 12 13 14 15 16 17 18 19 20 21 22 23 24 25 26 27 28 29 30 31
       |  |  |  |  |  |  |  |  |  |  |  |  |  |  |  |  |  |  |  |  |  |  |  |  |  |  |  |  |  |  |  |
  1 => 1  0 -1  0  1  0 -1  0  1  0 -1  0  1  0 -1  0  1  0 -1  0  1  0 -1  0  1  0 -1  0  1  0 -1  0 (0,0)  (2,2)   (4,4)   (6,6)   (8,8)   (10,10) (12,12) ...
  2 => 0  1  1  0  0 -1 -1  0  0  1  1  0  0 -1 -1  0  1  1  0  0 -1 -1  0  1  1  0  0 -1 -1  0  1  1 (1,2)  (5,6)   (9,10)  (13,14) (16,17) (20,21) (23,24) (27,28) (30,31)
  3 => 0  0  1  1  1  0  0  0 -1 -1 -1  0  0  0  1  1  1  0  0  0 -1 -1 -1  0  0  0  1  1  1  0  0  0 (2,4)  (8,10)  (14,16) (20,22) (26,28)
  4 => 0  0  0  1  1  1  1  0  0  0  0 -1 -1 -1 -1  0  0  0  0  1  1  1  1  0  0  0  0 -1 -1 -1 -1  0 (3,6)  (11,14) (19,22) (27,30)
  5 => 0  0  0  0  1  1  1  1  1  0  0  0  0  0 -1 -1 -1 -1 -1  0  0  0  0  0  1  1  1  1  1  0  0  0 (4,8)  (14,18) (24,28)
  6 => 0  0  0  0  0  1  1  1  1  1  1  0  0  0  0  0  0 -1 -1 -1 -1 -1 -1  0  0  0  0  0  0  1  1  1 (5,10) (17,22) (29,31)
  7 => 0  0  0  0  0  0  1  1  1  1  1  1  1  0  0  0  0  0  0  0 -1 -1 -1 -1 -1 -1 -1  0  0  0  0  0 (6,12) (20,26)
  8 => 0  0  0  0  0  0  0  1  1  1  1  1  1  1  1  0  0  0  0  0  0  0  0 -1 -1 -1 -1 -1 -1 -1 -1  0 (7,14) (23,30)
  9 => 0  0  0  0  0  0  0  0  1  1  1  1  1  1  1  1  1  0  0  0  0  0  0  0  0  0 -1 -1 -1 -1 -1 -1 (8,16) (26,31)
 10 => 0  0  0  0  0  0  0  0  0  1  1  1  1  1  1  1  1  1  1  0  0  0  0  0  0  0  0  0  0 -1 -1 -1 (3 * level - 1) < signal_length [29]
 11 => 0  0  0  0  0  0  0  0  0  0  1  1  1  1  1  1  1  1  1  1  1  0  0  0  0  0  0  0  0  0  0  0                                 [32]             
 12 => 0  0  0  0  0  0  0  0  0  0  0  1  1  1  1  1  1  1  1  1  1  1  1  0  0  0  0  0  0  0  0  0
 13 => 0  0  0  0  0  0  0  0  0  0  0  0  1  1  1  1  1  1  1  1  1  1  1  1  1  0  0  0  0  0  0  0
 14 => 0  0  0  0  0  0  0  0  0  0  0  0  0  1  1  1  1  1  1  1  1  1  1  1  1  1  1  0  0  0  0  0
 15 => 0  0  0  0  0  0  0  0  0  0  0  0  0  0  1  1  1  1  1  1  1  1  1  1  1  1  1  1  1  0  0  0
 16 => 0  0  0  0  0  0  0  0  0  0  0  0  0  0  0  1  1  1  1  1  1  1  1  1  1  1  1  1  1  1  1  0
 17 => 0  0  0  0  0  0  0  0  0  0  0  0  0  0  0  0  1  1  1  1  1  1  1  1  1  1  1  1  1  1  1  1
 18 => 0  0  0  0  0  0  0  0  0  0  0  0  0  0  0  0  0  1  1  1  1  1  1  1  1  1  1  1  1  1  1  1
 19 => 0  0  0  0  0  0  0  0  0  0  0  0  0  0  0  0  0  0  1  1  1  1  1  1  1  1  1  1  1  1  1  1
 20 => 0  0  0  0  0  0  0  0  0  0  0  0  0  0  0  0  0  0  0  1  1  1  1  1  1  1  1  1  1  1  1  1
 21 => 0  0  0  0  0  0  0  0  0  0  0  0  0  0  0  0  0  0  0  0  1  1  1  1  1  1  1  1  1  1  1  1
 22 => 0  0  0  0  0  0  0  0  0  0  0  0  0  0  0  0  0  0  0  0  0  1  1  1  1  1  1  1  1  1  1  1
 23 => 0  0  0  0  0  0  0  0  0  0  0  0  0  0  0  0  0  0  0  0  0  0  1  1  1  1  1  1  1  1  1  1
 24 => 0  0  0  0  0  0  0  0  0  0  0  0  0  0  0  0  0  0  0  0  0  0  0  1  1  1  1  1  1  1  1  1
 25 => 0  0  0  0  0  0  0  0  0  0  0  0  0  0  0  0  0  0  0  0  0  0  0  0  1  1  1  1  1  1  1  1
 26 => 0  0  0  0  0  0  0  0  0  0  0  0  0  0  0  0  0  0  0  0  0  0  0  0  0  1  1  1  1  1  1  1
 27 => 0  0  0  0  0  0  0  0  0  0  0  0  0  0  0  0  0  0  0  0  0  0  0  0  0  0  1  1  1  1  1  1
 28 => 0  0  0  0  0  0  0  0  0  0  0  0  0  0  0  0  0  0  0  0  0  0  0  0  0  0  0  1  1  1  1  1
 29 => 0  0  0  0  0  0  0  0  0  0  0  0  0  0  0  0  0  0  0  0  0  0  0  0  0  0  0  0  1  1  1  1
 30 => 0  0  0  0  0  0  0  0  0  0  0  0  0  0  0  0  0  0  0  0  0  0  0  0  0  0  0  0  0  1  1  1
 31 => 0  0  0  0  0  0  0  0  0  0  0  0  0  0  0  0  0  0  0  0  0  0  0  0  0  0  0  0  0  0  1  1
 32 => 0  0  0  0  0  0  0  0  0  0  0  0  0  0  0  0  0  0  0  0  0  0  0  0  0  0  0  0  0  0  0  1

1  2
2  5
3  8
4  11
5  14
6  17
7  20
8  21
